 ahaq -2493324.1980  4895418.0072  3229444.0968    30.6168994   116.9905621       58.6571       62.507 2 2
 ahbb -2458176.4423  4763393.8283  3445109.8558    32.9045991   117.2962554       54.2041       59.314 2 2
 bjfs -2148744.3416  4426641.2219  4044655.8667    39.6086012   115.8924902       87.4680       98.408 3 1
 bjgb -2210613.1342  4309153.6292  4136714.6800    40.6923170   117.1580079      213.0154      219.405 3 2
 bjsh -2154109.4994  4373150.5060  4099357.0914    40.2505348   116.2237580      155.4269      164.977 3 1
 bjyq -2130928.9702  4375282.5606  4109782.6383    40.3703736   115.9678450      584.7222      594.192 3 2
 chan -2674427.4708  3757143.1299  4391521.5791    43.7906857   125.4442023      273.2470      258.657 3 1
 chun -2674435.4978  3757165.3992  4391490.7071    43.7903439   125.4441253      268.3398      253.740 3 2
 cqcs -1639369.8809  5285411.9432  3161451.1761    29.9052256   107.2322612      361.4485      398.149 2 2
 cqwz -1739622.0548  5202127.2163  3244127.8749    30.7699458   108.4902413      240.8792      273.169 2 2
 dlha  -651917.0397  5034784.5731  3852829.7486    37.3805198    97.3777602     2955.7797     3006.330 5 1
 dxin  -854045.1419  4746318.7352  4161727.3240    40.9837343   100.2005584     1017.9700     1073.500 4 1
 fjpt -2859997.1654  5000166.2081  2729401.5667    25.5021578   119.7687132       35.5676       22.488 2 2
 fjwy -2653900.5333  4994403.4251  2939060.0892    27.6168989   117.9850564      228.1509      224.191 2 2
 fjxp -2848163.1955  4929474.4517  2866103.0008    26.8770095   120.0185647       80.5860       68.816 2 2
 gdsg -2317423.3357  5307473.8451  2663690.1970    24.8461477   113.5877179      169.3665      178.137 2 2
 gdst -2622312.7460  5235937.3509  2519265.7183    23.4178813   116.6030696       31.7958       26.366 2 2
 gdzh -2360951.2740  5412528.7112  2402670.0209    22.2753044   113.5668873       51.3639       55.744 2 2
 gdzj -2064977.7102  5581173.9872  2287407.5033    21.1548573   110.3039639       39.1895       53.320 2 2
 gsax  -487508.3629  4831983.7816  4122448.7486    40.5161777    95.7611904     1112.9710     1172.341 4 2
 gsdh  -398820.5179  4866964.0380  4090873.4807    40.1434832    94.6846039     1080.0767     1141.097 4 2
 gsdx -1310267.9304  5028537.1824  3689165.8845    35.5543125   104.6046123     1881.0358     1921.146 3 2
 gsgl -1131211.2250  4943316.4664  3858834.0952    37.4547682   102.8894357     2062.0266     2106.577 4 2
 gsgt  -841227.4658  4863346.3364  4028406.1300    39.4099204    99.8135195     1299.0025     1353.313 4 2
 gsjn -1411785.9384  5002639.9906  3686537.2127    35.5266959   105.7595024     1649.2597     1686.770 3 2
 gsjt -1236101.4412  4936783.5343  3834351.7332    37.1806171   104.0570581     1603.7767     1647.627 4 2
 gsjy  -701278.9841  4857279.6613  4062737.3907    39.8083871    98.2154200     1675.2748     1730.845 4 2
 gslx -1322959.2870  5062115.2921  3638380.5548    34.9949652   104.6463857     1693.5570     1732.697 3 2
 gslz -1220083.2086  5015884.2938  3736146.4006    36.0784165   103.6713439     1560.5068     1603.877 4 2
 gsma -1106156.1941  5178163.6040  3550244.2971    34.0196247   102.0582528     3562.8428     3598.643 3 2
 gsml  -939150.9079  4914970.1191  3945302.8981    38.4410953   100.8176626     2240.4700     2289.120 4 2
 gsmq -1129961.2266  4860315.8926  3961344.8994    38.6323970   103.0880387     1320.0486     1370.699 4 2
 gsmx -1276570.8828  5111323.2885  3587187.0262    34.4300214   104.0229519     2291.0146     2328.075 3 2
 gspl -1483384.7367  4980257.9253  3688299.5923    35.5477544   106.5863223     1409.5268     1445.467 3 2
 gsqs -1465118.9337  5039078.5430  3615540.6214    34.7456359   106.2118629     1447.5889     1484.789 3 2
 gsts -1442574.3117  5062417.4624  3591511.5820    34.4845086   105.9053067     1123.4364     1161.816 3 2
 gswd -1362790.1779  5152448.4444  3493743.1616    33.4228034   104.8151203     1001.9891     1039.479 3 2
 guan -2324045.9041  5386098.9289  2495556.6002    23.1847928   113.3396994       30.9057       37.736 2 1
 gxbh -1951660.8614  5600499.9357  2338707.9975    21.6525410   109.2124136       28.6162       47.776 2 2
 gxbs -1673571.2137  5588694.0557  2570005.1103    23.9172221   106.6706770      246.8288      276.609 2 2
 gxgl -2004293.7922  5416454.7632  2697833.6223    25.1863627   110.3063879      149.0573      169.537 2 2
 gxhc -1795571.6750  5513402.5050  2648510.2426    24.6949729   108.0390830      229.9172      257.107 2 2
 gxnn -1835323.2582  5599625.4858  2432649.0333    22.5679929   108.1469838       97.9137      122.314 2 2
 gxwz -2119844.6909  5455821.8620  2525612.9898    23.4802268   111.2335034       63.6565       78.897 2 2
 gzfg -1716413.0470  5369677.7172  2974920.6980    27.9805479   107.7264379      679.8867      709.047 2 2
 gzgy -1639055.3579  5474039.6354  2826506.9321    26.4725155   106.6689304     1093.9359     1122.876 2 2
 gzsc -1464418.1414  5518160.6576  2838058.0954    26.5858819   104.8626547     1789.3115     1819.812 2 2
 hahb -2153095.3827  4720360.0750  3697494.9109    35.6584682   114.5191290       46.5754       63.405 3 2
 hajy -1993294.1466  4824743.3320  3652783.0602    35.1625654   112.4474762      272.9826      294.233 3 2
 haqs -2183952.1682  4899127.5981  3439581.4557    32.8451411   114.0265448       72.0811       89.741 2 2
 hbes -1839909.3326  5197209.4668  3197113.1865    30.2764286   109.4949170      473.2064      498.466 2 2
 hbjm -2062286.8997  5061340.3734  3277218.0735    31.1183406   112.1688656      164.7578      186.938 2 2
 hbxf -2031754.3740  5018286.5827  3360737.5092    32.0026946   112.0415569       99.5196      122.980 2 2
 hbzg -1961319.9376  5118685.1161  3250292.4209    30.8348447   110.9652707      209.9977      232.588 2 2
 hecc -2105103.0926  4346788.5791  4153236.6614    40.8837555   115.8404111      863.0024      871.602 3 2
 hecd -2256619.8679  4258789.2600  4164060.7464    41.0163238   117.9179361      410.8253      414.255 4 2
 hecx -2264805.5938  4458213.9622  3945973.8348    38.4648185   116.9309076        2.5656       11.766 3 2
 helq -2064716.1364  4570873.8959  3927128.0086    38.2474496   114.3092415      123.8941      139.844 3 2
 hely -2120536.7486  4608827.6234  3852663.5717    37.3987763   114.7073165       30.3500       46.590 3 2
 hets -2328159.2917  4324700.9823  4055506.1417    39.7358030   118.2953567       55.4359       59.166 3 2
 heyy -1998776.1352  4456641.8410  4089416.0714    40.1272904   114.1559395      951.9794      964.909 3 2
 hezj -2035185.7680  4384394.1236  4148541.1884    40.8280926   114.9001931      833.2214      844.481 3 2
 hihk -2075056.1457  5625598.0043  2167134.9160    19.9944177   110.2469849       55.2401       67.130 1 2
 hisy -2025861.2322  5711175.1367  1983201.6357    18.2357788   109.5305549       46.9691       57.969 1 2
 hiys -2445823.7973  5795610.2750  1050002.2258     9.5389788   112.8803867       35.7372       10.987 1 2
 hlar -2068717.6305  3620787.6592  4810717.1125    49.2704929   119.7412581      628.6917      633.512 4 1
 hlfy -2963836.1516  3039579.5748  4744184.8611    48.3669949   134.2771558      134.1858      113.596 3 2
 hlhg -2796284.7204  3304785.6371  4668577.5732    47.3527576   130.2356295      210.7098      192.150 3 2
 hlmh -2068871.7889  3245888.4386  5069225.2002    52.9750838   122.5127168      439.6051      442.375 3 2
 hlwd -2488649.9513  3408269.0778  4766742.4793    48.6714136   126.1361740      313.9636      302.584 3 2
 hncs -2202269.5149  5178679.1144  2992033.9098    28.1585615   113.0379647       53.0702       69.440 2 2
 hnly -2255790.2335  5155761.2132  2991818.8160    28.1561864   113.6307294       89.0343      102.784 2 2
 hnmy -1910898.8631  5308736.1650  2964631.7387    27.8780259   109.7965263      145.5146      168.485 2 2
 hrbn -2661733.7145  3581366.9710  4542366.3660    45.7026119   126.6203703      198.2265      184.497 3 1
 jixn -2259012.4343  4333891.9723  4084475.1887    40.0760447   117.5304816       38.9372       45.047 3 1
 jlcb -2910896.9388  3711613.2771  4279898.0636    42.4105529   128.1059323      762.4047      739.075 3 2
 jlcl -2514048.8092  3795447.7958  4452321.0699    44.5545739   123.5199077      156.1218      148.772 3 2
 jlyj -2978171.4487  3612232.1269  4317512.1057    42.8747913   129.5045074      284.5617      259.032 3 2
 jsls -2677969.2984  4748973.2993  3299008.0951    31.3488944   119.4188661       34.3665       30.887 2 2
 jsly -2581722.7947  4569238.2872  3612646.7743    34.7220751   119.4674309      138.9844      135.924 3 2
 jsnt -2780935.6786  4648503.5250  3356001.9262    31.9528159   120.8896891       16.5150        7.885 2 2
 jsyc -2667365.6693  4616448.7909  3488885.1621    33.3762231   120.0191524       12.7216        7.962 2 2
 jxhk -2450669.9919  4971861.0147  3144719.0757    29.7329340   116.2390578       36.0666       42.127 2 2
 jxja -2413981.4725  5163137.1208  2853351.0595    26.7480173   115.0580475       89.5044       95.944 2 2
 kmin -1281316.5182  5640733.4677  2682877.3661    25.0295134   102.7978122     1986.1645     2019.085 2 1
 lalb -1264392.8272  5865194.7411  2157202.6678    19.8982695   102.1654001      270.5590      303.729 1 2
 lalx -1566682.7761  5855835.9229  1978735.6700    18.1919378   104.9782386      506.2579      531.218 1 2
 lhas  -106938.4080  5549269.4113  3139215.9567    29.6573423    91.1039957     3624.6100     3659.270 5 2
 lhaz  -106941.7710  5549269.8279  3139215.1090    29.6573335    91.1040304     3624.6088     3659.269 5 1
 lndd -2757830.8137  4038701.6536  4080694.6530    40.0316178   124.3272501       31.7573       16.807 3 2
 lnhl -2483740.1629  4157961.3620  4136213.9079    40.6876901   120.8518022       42.4976       38.208 3 2
 lnjz -2607692.9970  4215611.7596  4000275.2666    39.0918084   121.7401071       67.5376       58.528 3 2
 lnsy -2632657.6077  3965549.5513  4231357.7043    41.8270792   123.5794766       69.8468       59.027 3 2
 lnyk -2609835.8957  4080409.2148  4135905.5169    40.6835390   122.6030449      105.6415       96.001 3 2
 luzh -1485722.6911  5388883.4694  3061670.5284    28.8724241   105.4136079      298.1754      338.815 2 1
 mmmz  -747365.7969  5715027.8301  2722740.8779    25.4347895    97.4504085      215.2133      257.693 2 2
 mmns  -806194.0352  5907326.8215  2261021.4273    20.8962957    97.7713519      979.3452     1021.085 1 2
 nmag -2506633.0823  3915413.0158  4352246.2806    43.3034855   122.6272251      214.8031      208.273 4 2
 nmal -2310997.8560  3984611.5076  4397419.0012    43.8633532   120.1129086      377.6935      377.193 4 2
 nmay -1001958.0543  4847398.5101  4011200.6889    39.2084398   101.6785800     1466.0319     1517.822 4 2
 nmaz -1344253.8961  4792468.2581  3977208.6908    38.8143547   105.6684392     1482.2070     1524.617 4 2
 nmbt -1660545.6271  4557028.1356  4129798.3405    40.6037359   110.0213490     1053.8683     1082.628 4 2
 nmdw -2030245.8484  3990946.7118  4528085.0674    45.5131053   116.9630271      834.2101      843.780 4 2
 nmej  -911400.8891  4662640.3906  4242619.0307    41.9566524   101.0600867      889.2520      943.312 4 2
 nmel -1727944.3120  4289275.9261  4379472.5628    43.6348783   111.9421520      946.1803      971.820 4 2
 nmer -2253612.4239  3375677.2820  4904087.4192    50.5764210   123.7271962      429.7585      424.139 3 2
 nmtk -1766929.3078  4543288.7759  4100809.2576    40.2611835   111.2515457     1006.0719     1030.382 4 2
 nmwh -1424486.2117  4706638.2879  4050038.7590    39.6638325   106.8386882     1122.0510     1161.671 4 2
 nmwj -1488951.1803  4562697.1758  4188143.2245    41.2993441   108.0731303     1041.6166     1078.637 4 2
 nmwl -2352149.4769  3760241.7716  4568638.9515    46.0406372   122.0272765      354.1417      350.322 4 2
 nmwt -1412866.9669  4603676.7761  4169674.4961    41.0787334   107.0612355      998.8358     1038.866 4 2
 nmzl -2072295.1375  4252525.4016  4265696.4876    42.2332971   115.9804062     1295.0996     1302.950 4 2
 nxhy -1383803.1412  4940970.8464  3778831.4986    36.5539594   105.6458107     1822.3239     1861.114 4 2
 nxyc -1400939.1263  4799007.9038  3949189.3710    38.4941681   106.2737227     1071.1069     1112.837 4 2
 nxzw -1330805.7102  4883468.0001  3869884.9039    37.5860820   105.2436623     1222.2175     1265.718 4 2
 qhbm  -999239.9938  5267587.8094  3449494.2056    32.9316491   100.7411532     3486.7293     3520.729 5 2
 qhdl  -725208.5231  5097819.5344  3756602.0463    36.2962730    98.0964915     3149.0220     3198.392 5 2
 qhgc  -893535.6001  5001048.3647  3848865.5878    37.3333987   100.1301275     3276.8463     3322.006 5 2
 qhge  -429152.4156  5141121.5030  3743044.1070    36.1452834    94.7716742     3090.0131     3139.513 5 2
 qhlh  -289582.6699  4974849.5323  3971911.5694    38.7442048    93.3313914     2720.6812     2776.591 5 2
 qhmd  -747960.1036  5185328.4801  3633051.0673    34.9201929    98.2080428     4263.1017     4303.732 5 2
 qhme -1002340.1968  4970607.6477  3860895.1589    37.4718740   101.4009974     2972.0724     3014.512 5 2
 qhmq  -937043.1970  5182429.1511  3592418.2331    34.4783901   100.2490098     3713.5201     3750.650 5 2
 qhmy   -69951.9688  5002123.6710  3949112.9079    38.4751242    90.8011995     3608.3130     3661.903 5 2
 qhql  -892524.7023  4941865.3671  3923339.0744    38.1858343   100.2375379     2687.2019     2732.412 5 2
 qhtr -1081891.2334  5085585.3182  3686053.8064    35.5160415   102.0098828     2473.7158     2513.976 5 2
 qhtt  -224710.0119  5278723.2658  3568872.5414    34.2166312    92.4375544     4499.1487     4540.149 5 2
 qhys  -654213.9533  5316910.1619  3456859.9616    33.0094971    97.0146458     3704.3882     3744.098 5 2
 qion -2047698.1746  5673712.6945  2066498.5617    19.0294447   109.8450089      207.5637      218.804 1 1
 scbz -1562618.9042  5193787.1150  3345682.5747    31.8408347   106.7446042      438.7251      477.965 2 2
 scdf -1056336.7827  5372918.5823  3265305.3092    30.9778899   101.1227147     2940.0975     2971.197 5 2
 scgu -1476442.4532  5183191.5147  3400561.6030    32.4248286   105.8997105      507.3619      547.052 2 2
 scgy -1471916.4893  5183579.8747  3401861.7981    32.4389045   105.8522960      474.9374      514.687 2 2
 scgz  -946352.1301  5356734.0231  3325468.8644    31.6103297   100.0188326     3353.0982     3386.068 5 2
 scjl -1113492.7896  5472815.7712  3076093.7272    29.0080954   101.5003620     2903.1639     2933.224 5 2
 scju -1410327.3168  5447162.3737  2994239.2877    28.1791725   104.5157292      459.1112      498.221 2 2
 sclh -1009725.8957  5358196.0214  3304366.6911    31.3877632   100.6719603     3257.8236     3290.154 5 2
 sclt  -981375.9087  5444390.2164  3171541.2401    29.9916473   100.2180997     3939.9054     3971.185 5 2
 scmb -1308590.9857  5436645.8899  3058709.4087    28.8404239   103.5335553      599.4670      639.207 2 2
 scml -1103039.6888  5532574.0928  2970693.2419    27.9294013   101.2753255     2344.5784     2376.278 5 2
 scmn -1185084.6043  5493371.2688  3009799.6191    28.3328475   102.1738501     1634.4542     1668.124 2 2
 scmx -1300930.5141  5276726.1048  3330343.3050    31.6711925   103.8495780     1688.5638     1723.074 2 2
 scnc -1497871.1199  5264520.2256  3264097.1022    30.9792782   105.8822135      336.3285      378.389 2 2
 scnn -1251458.4859  5545739.6350  2884439.1885    27.0569879   102.7164409     1316.4852     1351.805 2 2
 scpz -1162752.1560  5593125.5816  2829581.3179    26.5031815   101.7439173     1167.5725     1203.203 2 2
 scsm -1191937.6732  5442219.6134  3096532.1410    29.2293782   102.3536781      859.3174      895.807 2 2
 scsn -1475599.7448  5298543.0710  3219136.3791    30.5075672   105.5620751      313.3742      355.394 2 2
 scsp -1263070.3358  5227928.6124  3422946.9042    32.6484353   103.5824128     3247.8868     3279.677 5 2
 sctq -1220729.3799  5388293.9717  3177823.0153    30.0735844   102.7650014      773.7346      812.895 2 2
 scxc  -951555.0609  5507058.3375  3069191.0150    28.9373830    99.8032438     2814.2995     2846.990 5 2
 scxd -1210710.8779  5489701.7335  3006720.7597    28.3003683   102.4370483     1825.8271     1860.407 2 2
 scxj -1172907.6680  5347090.3181  3267282.5475    31.0003843   102.3721318     2626.1014     2656.861 5 2
 scyx -1213790.0049  5469871.3955  3040782.2870    28.6508668   102.5114701     1630.7026     1665.993 2 2
 scyy -1131082.2822  5553212.7040  2921939.5901    27.4319474   101.5125677     2518.6548     2551.455 2 2
 sdcy -2516326.4633  4454898.7428  3795557.9944    36.7536406   119.4597100       58.0600       55.810 3 2
 sdjx -2309501.8847  4662554.2523  3676625.4649    35.4269699   116.3505855       98.3483      108.288 3 2
 sdly -2478736.6550  4605825.0468  3637934.5490    35.0003049   118.2879977       69.7147       70.845 3 2
 sdqd -2604171.1440  4455810.0218  3735081.4307    36.0766992   120.3038936       13.5929        8.193 3 2
 sdrc -2728193.4508  4295503.9780  3832505.1304    37.1702412   122.4207622       66.4179       55.228 3 2
 sdyt -2642980.0835  4323860.6423  3860087.6417    37.4825962   121.4355568       92.3844       83.874 3 2
 sdzb -2399719.0397  4514791.5987  3800235.8964    36.8064046   117.9917082       38.0798       41.010 3 2
 sha2 -2831733.6470  4675665.8865  3275369.3603    31.0996425   121.2004480       22.0405       11.891 2 2
 shao -2831733.7149  4675665.8064  3275369.3024    31.0996422   121.2004490       21.9820       11.832 2 1
 snak -1727342.2003  5081789.7369  3435002.1385    32.7935011   108.7733222      503.3192      535.639 2 2
 snhy -1807317.6449  4944976.9776  3591751.7742    34.4813968   110.0766297     2050.3929     2080.263 3 2
 snmx -1535546.9051  5122103.5071  3466035.8347    33.1264448   106.6881195      594.0459      630.876 2 2
 sntb -1575038.7965  5051076.7149  3552573.5845    34.0574309   107.3186494     1513.4340     1549.194 3 2
 snxy -1646891.8815  4954018.6243  3653827.8250    35.1686802   108.3886427     1123.9752     1157.935 3 2
 snya -1707429.4913  4833062.1847  3784571.7533    36.6239137   109.4573533      993.3076     1023.688 3 2
 suiy -2987518.3516  3447903.9782  4442860.5878    44.4333439   130.9080733      369.1885      344.088 3 1
 sxcz -2027999.8737  4736217.9699  3748933.0666    36.2246045   113.1801135     1028.1628     1044.523 3 2
 sxdt -1939391.5259  4483290.4871  4089073.7905    40.1223375   113.3924503     1073.4832     1088.683 3 2
 sxgx -1920890.0361  4778367.0322  3751161.5885    36.2521420   111.8999896      628.3026      650.103 3 2
 sxkl -1832915.2017  4628572.7224  3976262.4520    38.8028992   111.6035720     1553.9385     1574.968 3 2
 sxlf -1880712.9765  4806073.9582  3736076.8514    36.0842176   111.3714031      558.9368      583.667 3 2
 sxlq -2009886.5078  4509729.6902  4025837.8405    39.3819135   114.0214748     1039.0902     1051.810 3 2
 sxty -1928132.6176  4670461.3277  3880727.8308    37.7115105   112.4325789      925.2538      944.334 3 2
 sxxx -1892129.8304  4869512.3661  3647742.5120    35.1050823   111.2344653      577.5381      603.408 3 2
 sxyc -1967565.2360  4659754.6478  3873731.7478    37.6323732   112.8917356      855.2302      872.350 3 2
 tain -2348929.1316  4585650.2797  3747619.0990    36.2144775   117.1231011      338.8579      344.938 3 1
 tash  1287182.1677  4883388.6170  3887595.6919    37.7749316    75.2336183     3048.6526     3079.623 5 1
 tjbd -2261460.7993  4362964.0335  4052200.1102    39.6974968   117.3991227        1.4857        9.206 3 2
 tjbh -2303610.8468  4389750.6882  3999538.1238    39.0837397   117.6891573        1.1507        7.741 3 2
 tjwq -2249248.8837  4394854.5982  4024624.2165    39.3754542   117.1029791       -0.0277        9.252 3 2
 tsln -2325034.8212  4336728.4547  4044455.6409    39.6067767   118.1969381       18.2083       22.458 3 2
 tsta -2325037.9570  4336722.1256  4044460.6649    39.6068350   118.1970051       18.2552       22.505 3 2
 tstb -2325034.0843  4336726.6909  4044457.9164    39.6068034   118.1969403       18.1930       22.443 3 2
 uru2   193029.7307  4606843.6625  4393313.8145    43.8080131    87.6006747      854.9392      919.109 4 2
 urum   193029.7490  4606843.6626  4393313.8114    43.8080131    87.6006745      854.9376      919.108 4 1
 wuhn -2267749.6860  5009154.2384  3221290.6222    30.5316524   114.3572668       25.8730       40.293 2 1
 wush   899913.2404  4721881.9524  4180272.1080    41.2023017    79.2097652     1395.3113     1440.731 5 1
 xiaa -1718592.7863  4995226.2923  3563105.8256    34.1782353   108.9856285      509.0879      543.598 3 1
 xiag -1024879.9533  5665042.3621  2740825.3878    25.6080758   100.2546381     1974.2730     2012.233 2 1
 xiam -2734834.1673  5125633.8457  2623766.2856    24.4498566   118.0826075      106.0724       95.952 2 1
 xjal   139566.4584  4285957.3663  4706761.0633    47.8555260    88.1349003      874.8801      922.050 4 2
 xjbc   955564.2212  4812859.7633  4062830.0510    39.8138660    78.7703078     1089.9969     1138.787 4 2
 xjbe   235895.3811  4294689.4286  4694424.8477    47.6948369    86.8560624      431.8798      483.040 4 2
 xjbl  1294010.6373  4819598.2229  3964256.4529    38.6508990    74.9711313     3412.6715     3444.981 5 2
 xjby   513013.3271  4658488.5496  4315243.8694    42.8291362    83.7156598     2417.7131     2467.473 5 2
 xjds   407553.0102  4553745.9275  4433400.9128    44.3109103    84.8857464      749.6212      811.101 4 2
 xjfy    35047.7799  4358170.7183  4642265.8287    46.9989700    89.5392471      791.9585      841.568 4 2
 xjht   967355.2406  4997641.9681  3832690.8533    37.1620528    79.0451685     1572.7106     1618.691 4 2
 xjjj  -354161.2090  4671114.9249  4316259.4286    42.8488658    94.3358386     1546.9342     1604.104 4 2
 xjkc   582865.2180  4732382.1008  4223550.9410    41.7251241    82.9785122     1028.8527     1088.223 4 2
 xjke   316540.4733  4752585.0329  4229025.1770    41.7920206    86.1895097      925.0233      987.113 4 2
 xjkl   396344.5993  4451995.8135  4535278.8973    45.6102526    84.9125838      321.0017      378.412 4 2
 xjml   -23820.9729  4611074.6915  4393764.1735    43.8093785    90.2959909     1347.3293     1406.729 4 2
 xjqh   -75630.4579  4426375.0441  4577667.7627    46.1507188    90.9788803     1107.4631     1159.293 4 2
 xjqm   391614.3989  5009971.5185  3916559.8427    38.1186933    85.5304511     1202.9310     1259.781 4 2
 xjrq   158431.1029  4959901.3054  3994743.2192    39.0220631    88.1704594      830.7362      893.366 4 2
 xjsh   311009.7982  4569211.0139  4425080.3840    44.2080744    86.1060895      554.8404      619.810 4 2
 xjss   -20999.8184  4680280.2184  4319016.5870    42.8927372    90.2570786      348.6516      413.122 4 2
 xjtc   542298.1084  4338630.0171  4628827.3455    46.8239234    82.8753835      595.4324      645.512 4 2
 xjtz   548480.2621  4935950.1666  3990270.5846    38.9686580    83.6593355     1046.6692     1106.629 4 2
 xjwl   267813.5049  4672032.6440  4323004.6577    42.9228554    86.7192432     2605.9684     2657.478 5 2
 xjwq   707446.1508  4466027.2489  4485193.4779    44.9600762    80.9987883     1391.8552     1435.815 5 2
 xjwu  1251843.7306  4750748.4026  4057224.2120    39.7398723    75.2378655     2199.3751     2238.665 5 2
 xjxy   545115.7968  4610343.3604  4360407.6903    43.3976260    83.2567950     1023.6635     1075.064 4 2
 xjyc  1096332.5906  4923100.3336  3893160.8391    37.8503383    77.4455739     1337.1446     1385.375 4 2
 xjyn   677562.5621  4547937.5424  4406395.6657    43.9724155    81.5262666      733.6510      784.961 4 2
 xjyt   718056.2953  5089295.0534  3768476.1348    36.4328389    81.9690638     2584.9593     2625.639 5 2
 xjzs   786323.6694  4631490.4313  4302412.2218    42.6764474    80.3643371     1868.9434     1912.733 5 2
 xnin -1046499.6896  5020528.7864  3783317.4094    36.6006615   101.7743739     2363.8644     2407.734 5 1
 xzar   273769.3867  5565405.0336  3102019.4479    29.2685168    87.1838189     4340.1144     4370.734 5 2
 xzbg   817600.8391  5424067.2763  3252759.0461    30.8365519    81.4280126     4705.0252     4729.485 5 2
 xzcd  -682703.2560  5424304.6932  3280422.6994    31.1349877    97.1735319     3306.8257     3344.306 5 2
 xzcy  -728023.1540  5555507.3895  3042138.7005    28.6612554    97.4658021     2351.7121     2390.462 5 2
 xzdx  -105419.7329  5504109.3762  3218500.4912    30.4800168    91.0972485     4248.5042     4283.604 5 2
 xzge   925558.6998  5306911.4607  3411564.8819    32.5199068    80.1067659     4427.3622     4451.972 5 2
 xzgz   557848.5507  5371668.4151  3390228.6734    32.2921981    84.0710796     4423.1782     4453.978 5 2
 xznm   262026.4295  5423540.6740  3343554.7842    31.7955243    87.2340327     4503.4915     4537.061 5 2
 xznq  -200434.5465  5443913.9262  3314907.8797    31.4918756    92.1085707     4573.3512     4610.411 5 2
 xzrk   110382.4249  5571693.1227  3099862.8368    29.2486802    88.8650467     3854.8214     3888.471 5 2
 xzrt   952118.8934  5248531.3647  3492731.8448    33.3925381    79.7179768     4256.6532     4281.583 5 2
 xzsh   108740.1995  5345133.9895  3475561.6282    33.2036448    88.8345499     4899.6983     4936.578 5 2
 xzyd   108176.6362  5666840.4820  2922919.2945    27.4371271    88.9063918     3538.8696     3569.140 5 2
 xzzb   565050.5514  5521019.1448  3141899.6921    29.6803327    84.1563921     4570.0613     4597.801 5 2
 xzzf   299987.4073  5612790.4180  3013442.1525    28.3572445    86.9406188     4292.0954     4319.685 5 2
 yanc -1512848.8823  4816556.7309  3886841.2018    37.7785159   107.4371636     1303.5130     1340.733 4 1
 yncx -1152297.3471  5667353.5551  2684801.3081    25.0495242   101.4928296     1785.3533     1821.253 2 2
 yndc -1307095.9455  5581220.2729  2790376.7434    26.1079448   103.1808559     1297.6347     1330.165 2 2
 yngm  -954890.6352  5772785.7315  2532712.1766    23.5460351    99.3923906     1104.8080     1144.598 2 2
 ynhz -1314703.1441  5565193.6324  2820654.2689    26.4082858   103.2916854     2263.9221     2296.632 2 2
 ynjd -1096962.5572  5706744.5833  2622954.6923    24.4371372   100.8808008     1244.6165     1281.897 2 2
 ynjp -1346922.9671  5728248.1570  2455387.4088    22.7861583   103.2319903     1250.0926     1282.103 1 2
 ynla -1018775.7671  5805270.0994  2432249.5165    22.5602970    99.9535710     1107.9005     1146.291 1 2
 ynlc -1021210.5049  5747293.5036  2565526.3646    23.8677514   100.0754724     1559.4655     1598.226 2 2
 ynlj  -993532.2459  5617793.2268  2849562.0206    26.6956310   100.0293146     3195.7706     3232.721 2 2
 ynmh -1073821.5324  5821505.9036  2369526.0012    21.9481645   100.4511731     1166.2625     1203.503 1 2
 ynmj -1185230.5356  5735954.3478  2519576.0167    23.4160471   101.6748233     1281.6612     1317.571 1 2
 ynml -1345442.1662  5655502.0505  2618950.2914    24.3963109   103.3818959     1520.7606     1553.141 2 2
 ynmz -1358368.8460  5700145.7086  2513464.9134    23.3559659   103.4038311     1275.2876     1307.578 1 2
 ynrl  -795870.7699  5776012.8424  2578626.8169    24.0004866    97.8453262      723.3081      766.498 2 2
 ynsd  -926130.6910  5724293.6207  2650829.2169    24.7128281    99.1902230     1478.7989     1518.919 2 2
 ynsm -1128197.9963  5777484.2490  2450804.9455    22.7405527   101.0493868     1445.3556     1482.076 1 2
 yntc  -849285.9543  5724818.1741  2675133.3645    24.9545744    98.4383771     1470.1361     1511.106 2 2
 ynth -1285973.8328  5682533.2299  2590979.3302    24.1183482   102.7514198     1778.1420     1811.752 2 2
 ynws -1441691.5926  5677217.1794  2519348.0433    23.4131401   104.2486944     1451.5976     1482.718 1 2
 ynxp -1202185.5165  5701770.9052  2589449.7764    24.1024157   101.9061009     1978.0089     2013.829 2 2
 ynya -1129647.4072  5639317.9186  2752296.7875    25.7234801   101.3273598     1846.1666     1882.807 2 2
 ynyl  -935245.4428  5666778.7711  2768315.7926    25.8846996    99.3716206     1696.2899     1734.740 2 2
 ynym -1182308.5745  5629479.8055  2748559.5852    25.6893871   101.8609293     1077.8144     1113.674 2 2
 ynys -1064436.3016  5604469.4192  2847848.6363    26.6831007   100.7538948     2143.9053     2180.145 2 2
 ynzd  -951400.3496  5567099.3298  2960725.3303    27.8231459    99.6979881     3296.9341     3331.794 2 2
 yong -2320650.5606  5648402.4291  1835263.9725    16.8340340   112.3353499       10.2834        7.433 1 1
 zhnz -2064539.8886  4839101.2377  3594439.7530    34.5207466   113.1048933      443.6464      464.276 3 1
 zjjd -2717434.2498  4847500.4166  3119865.9795    29.4747473   119.2743222       97.1785       91.728 2 2
 zjwz -2884397.7925  4845754.3557  2970111.1072    27.9341219   120.7628980      114.9303      102.210 2 2
 zjzs -2926519.7123  4685500.9119  3177177.0774    30.0707740   121.9885133       22.7581        8.748 2 2
